1,2,3,4,5,6,7,9,11,13,14,15,16,17,18,19,20,22,24,25,26,27,28,29,31,32,33,34,35,36,37,38,42,43,44,45,46,48,49,50,51,52,54,56,59,60,61,62,63,64,65,66,67,69,70,71,72,74,76,77,79,81,83,85,86,88,89,90,92,93,94,95,96,97,98,99,100,101,102,103,104,105,107,108,110,111,112,113,115,116,117,119,120,121,124,128,129,130,131,132,135,136,137,138,139,140,142,143,145,146,147,148,149,150,152,155,157,158,159,160,162,164,165,167,168,169,170,171,172,173,174,175,176,177,178,179,180,181,183,184,185,186,187,189,190,191,192,194,195,196,198,199,200,201,203,204,205,206,207,208,209,210,211,212,213,214,215,216,217,218,219,220,221,222,224,225,226,227,230,233,234,238,239,240,241,242,245,246,247,250,251,252,254,259,261,263,264,265,266,269,273,274,276,278,281,307
8,53,58,280
10,23,244
12,21,39,47,55,57,73,78,80,91,106,114,118,122,125,126,127,134,141,151,154,156,163,193,197,202,228,229,231,232,235,236,237,243,255,256,257,258,260,262,268,270,277,282,283,284,286,287,288,289,291,292,293,294,295,296,298,300,301,303,304,305,306,308,309,310,311,312,313,314,315,316,317,318,319,321,323
30,40,75,161
41,68,153,182,188,248
82,87
84
109,133,144,272,279,302
123,271,275,285,290,297
166
223
249,267
253,324
299
320
322
