1,2,3,4,9,14,15,18,19,24,26,27,28,31,32,33,34,37,42,46,50,52,54,56,59,61,62,64,65,66,67,69,70,71,74,76,81,83,85,86,88,89,90,92,94,97,98,99,101,102,103,104,105,107,108,111,112,113,115,116,117,120,121,130,131,135,137,138,139,140,143,145,147,148,150,152,159,164,165,168,169,170,171,172,173,174,175,178,179,180,181,184,186,189,190,191,192,194,198,200,201,204,205,206,208,210,212,214,218,220,221,226,307
5,6,13,30,36,43,44,60,63,72,79,91,93,96,100,109,132,133,144,156,157,176,177,183,185,196,209,211,213,215,217,219,222,224,225,227,238,239,240,242,245,246,247,250,251,254,259,261,263,264,272,273,276,278,279,281,287,291,302
7,17,41,49,68,77,128,142,153,193,203,216,230,253,324
8,25,29,45,53,58,280
10,23,244
11,16,20,22,35,38,47,48,51,73,106,110,119,122,124,129,136,155,158,160,187,195,202,256,269,283,292,320
12,57,118,125,134,146,151,162,207,231,232,237,252,255,257,258,266,270,274,277,282,284,288,289,293,294,295,296,298,300,301,303,304,305,308,309,310,311,312,313,314,315,316,317,318,319,321,323
21,39,55,80,114,123,126,127,141,163,167,197,199,228,229,233,236,241,243,260,262,265,271,275,285,290,297
40,75,161
78,234,235,268,286,306,322
82,87
84
95,149,182,188,248
154,249,267
166
223
299
